000516 2
000257 2
001032 2
000301 1
000650 2
000910 2
000877 2
000968 2
000305 3
000737 2
000130 2
000856 2
000193 3
000371 2
000592 2
001016 2
000500 1
000586 2
000510 2
000365 2
000513 2
000671 1
000291 1
000203 2
000135 2
000221 2
000833 2
000778 2
001075 2
001126 2
000986 1
000411 2
000157 2
000943 2
000874 1
000674 1
000855 2
000173 1
000602 2
000070 2
000761 2
000315 1
000341 1
000351 3
000067 2
000893 1
000181 2
000845 2
001006 2
001044 2
001134 3
000612 2
000831 1
000889 2
000389 2
000397 2
001170 2
000045 1
000149 2
000665 2
001076 2
000741 2
000769 2
000636 2
000694 2
000698 2
000380 1
000669 2
000913 2
000223 2
000162 2
001116 2
000038 2
001023 2
000118 1
000814 2
001121 3
000414 2
000490 2
001119 2
000259 2
000396 1
000230 2
001070 2
001029 2
000475 2
000827 1
000693 2
000278 2
000897 2
000812 2
000342 1
001106 2
000304 2
000681 1
000763 2
001079 2
001155 2
000939 2
000002 2
001117 2
001074 1
000318 2
000575 2
000325 2
000711 2
000176 3
000033 1
000993 2
000470 2
000805 2
000826 2
001068 1
000263 3
000260 2
000151 2
000834 2
001054 2
000198 1
000924 1
000782 2
000434 3
000730 2
000306 1
000254 2
000857 2
001038 2
000788 2
000630 2
001061 2
000275 2
000521 1
001050 2
000159 1
000493 2
000682 2
000364 1
000096 2
000670 2
000029 2
000506 2
000210 3
000965 2
000601 2
000443 2
000815 2
000514 2
000496 2
000985 2
000209 1
000582 3
000799 3
000962 1
000049 2
000752 2
000095 1
000138 2
000553 3
000627 1
000532 2
000158 2
000218 2
000124 1
000441 2
000974 2
000427 2
000632 1
000450 1
000485 2
000634 2
000153 2
000896 2
000136 3
001086 1
000391 3
000132 2
001014 2
000320 3
000072 2
000338 1
000543 2
000994 2
001111 2
001120 2
000912 2
000082 2
000021 2
001002 2
000686 1
000988 1
000529 3
000372 2
000409 1
001139 2
000926 2
000558 1
000947 2
000310 2
000743 2
000345 2
001026 1
000170 2
000935 2
000552 2
000220 1
000596 3
000201 3
000656 2
000739 1
000177 1
000503 2
000705 2
000691 2
000094 2
000110 2
000825 2
000146 2
000821 3
000429 2
000574 2
001169 1
001009 2
001025 1
000517 1
000001 1
000289 2
000461 2
000757 2
000473 2
000643 1
000534 2
000753 2
000360 2
001024 2
001000 2
000983 1
000178 2
000638 2
001115 2
000938 2
000663 2
000491 2
000436 2
000329 1
000989 2
000280 2
000053 2
001004 1
001146 2
000107 2
001100 2
000914 2
000007 2
001161 2
000593 2
000917 1
000298 1
000459 2
000191 2
000518 2
000172 2
000387 1
000047 1
000704 1
000285 2
000645 3
000683 2
001051 2
000726 2
000267 3
000966 1
001012 2
000079 3
000354 2
000524 2
000379 2
000418 2
000969 1
000572 1
001101 2
001130 1
000279 3
000469 2
000152 2
000759 1
000359 2
000243 1
000487 2
000272 2
001046 1
000013 3
000542 1
001041 2
001084 2
001073 2
000361 1
000231 1
000744 2
000451 2
000236 2
000337 2
000922 2
000803 1
000282 2
001059 2
000353 2
001007 2
000308 1
000024 2
000690 1
000437 2
000878 2
000536 1
000600 2
000456 2
000597 2
000890 2
000288 2
000676 1
000245 2
001071 1
000071 2
000330 2
000065 2
000873 2
000508 2
001057 2
000141 2
000654 2
001149 2
000703 1
000378 2
000101 2
000395 3
000794 2
001067 3
000527 2
000388 1
000609 1
000416 3
000995 3
000816 3
000322 2
000837 2
000719 2
000200 1
001083 2
000076 1
000972 2
000066 2
000747 3
000435 2
000771 2
000858 2
000005 2
001097 3
001058 2
000576 1
000161 2
000684 1
000103 2
000843 1
000498 2
000734 2
000104 2
000639 2
000051 1
000659 1
000037 2
000565 2
000876 2
000944 2
001150 1
001144 1
000507 2
000570 2
000366 2
001093 1
001151 1
000920 2
000212 1
000227 2
001043 2
000623 2
000376 2
000765 2
000465 2
000742 1
000787 1
001143 2
001056 2
000535 1
000621 2
000560 2
000716 2
000727 2
000931 2
001148 2
001001 2
000120 2
000139 2
000478 1
000898 1
000925 3
000657 2
000014 2
000567 2
000196 3
001157 1
001034 2
000583 2
000628 1
000299 2
001028 1
000895 2
000127 1
000780 1
000213 2
000523 2
000900 1
000819 3
000505 1
000548 2
000651 1
000482 2
000706 2
000631 2
000281 2
000949 1
000463 1
000544 2
000422 1
000784 2
000622 1
000069 2
000649 1
000032 3
000967 2
000309 2
001020 2
000836 2
000074 2
000287 2
000859 3
000156 2
000168 3
001077 2
000286 2
001040 2
001005 3
000957 2
000479 2
000222 1
000041 1
000224 2
000457 1
000541 2
000009 1
000934 2
000773 3
000147 2
000122 3
000591 2
000680 1
000573 3
000424 2
000402 2
000806 2
000960 1
000707 2
000237 2
000384 2
000644 2
001047 2
000546 2
000317 2
000599 2
000438 2
000426 1
000618 2
000905 2
001167 2
000401 2
000187 2
000028 2
000792 2
000990 2
000190 1
000034 2
000023 2
000268 2
000708 2
000635 3
000179 2
000381 1
000256 2
000733 2
000403 1
000119 1
001105 2
001152 3
000192 2
000346 3
000226 1
000405 2
000174 2
000804 2
000219 1
001109 2
000476 2
000344 1
000919 2
000648 1
000852 2
000377 1
000907 2
000998 3
001033 3
000664 1
000077 2
001015 1
000109 2
000718 1
000888 2
000961 2
001104 1
000241 1
000015 2
000255 2
000754 1
000823 1
000842 2
000003 2
000611 2
000327 3
000537 1
000099 2
001060 2
001062 2
000090 2
000296 2
000300 1
000758 2
000735 2
000307 3
000225 2
000762 2
000249 2
000809 1
001125 2
000528 2
000303 2
000063 2
000749 2
000356 2
001163 2
001110 3
000867 1
000016 2
000297 1
000731 2
000798 2
000894 3
000160 3
000085 2
001172 2
000620 1
000953 2
000046 1
001132 1
000881 2
000976 2
000062 2
001142 2
000202 3
000807 2
000561 3
000519 3
000266 1
000358 2
001137 2
000247 1
000776 3
000068 2
000891 2
000685 2
000183 2
000448 2
001127 2
000701 2
000355 2
000097 2
000408 3
000808 2
001088 2
000467 3
000588 1
000246 1
000539 2
000264 2
000713 2
001019 2
000687 3
000248 2
000312 2
000504 2
000393 3
000092 1
000080 1
001136 2
000886 3
000417 1
000232 1
000861 2
000423 1
000483 2
000106 2
000319 2
000579 1
000108 2
000239 1
000594 2
000840 1
000862 2
000538 2
000116 2
000102 3
000352 2
000841 1
000764 2
000433 1
000911 3
000839 2
000244 1
000166 2
000048 2
000562 3
000125 2
000089 2
000326 2
001017 2
001158 2
000143 2
000235 1
000073 1
001090 3
000677 2
000619 1
000879 2
000363 2
000133 1
000455 2
001096 3
000673 1
000474 1
000540 2
000790 2
000829 2
000795 1
000525 2
000204 1
000820 1
001124 2
000128 2
000755 2
000367 2
000453 2
001154 2
000030 2
000613 2
000383 2
000452 2
000942 1
000313 2
000295 2
000903 2
000145 2
000008 2
000702 2
000054 2
000662 2
000688 2
001095 1
000916 2
000421 2
000750 2
000783 1
000410 2
000915 3
000400 2
000180 2
000564 2
000715 2
000697 2
000240 1
000696 2
001147 2
000489 2
000906 2
000205 2
000100 1
000973 2
000604 2
000006 2
000283 2
000155 2
000025 2
000578 2
000374 3
001102 2
000057 2
001087 1
000580 1
000977 2
000250 1
000271 2
001133 1
000522 2
000208 2
000064 2
000290 2
000549 2
001156 2
000333 2
000515 1
000238 2
000197 2
000945 1
000950 2
001094 2
000581 2
000323 1
000846 2
000081 2
000963 2
000721 2
000086 1
000909 2
000184 3
000234 1
001021 2
000501 2
000292 1
000154 3
000123 1
000699 2
000614 2
000736 2
000971 1
001131 2
000206 2
000832 2
000163 3
000928 1
000584 2
000390 2
000880 2
001114 1
000692 2
000748 2
000717 2
001078 2
000520 2
000933 1
000302 1
000689 2
000866 2
000350 2
000036 2
000587 2
000347 2
000901 3
000545 2
000214 1
000182 1
000277 2
000722 1
000340 1
001118 2
000088 2
000847 2
000216 1
000078 2
001048 1
001022 2
000598 2
000547 2
000186 1
000488 2
000610 2
000430 2
000559 1
000059 2
000392 1
001080 2
000121 2
001066 2
000229 2
000571 2
000796 2
000793 1
000978 2
000386 2
001036 2
000800 2
000043 2
001013 2
000091 1
000462 1
000484 1
000605 1
000531 2
000869 1
000530 2
000714 2
000031 2
000370 2
000471 2
000870 3
000740 2
000472 1
000164 1
000406 2
000261 2
000020 3
000652 2
000641 2
000672 2
001045 2
000629 2
000113 2
000811 2
000189 1
000954 3
001031 1
000786 1
000114 2
000058 2
000626 2
000398 1
001140 1
000646 2
000492 2
000666 2
000655 2
000885 1
000171 2
000375 2
001065 2
000887 2
000480 2
000860 2
000970 2
000042 1
001037 2
001141 2
000343 2
000362 3
000056 2
000679 2
000253 2
000126 2
001011 2
000004 1
000495 2
001171 2
000199 2
000642 1
000217 1
000444 2
000929 2
000311 2
000981 2
001135 1
000509 2
000930 2
000550 2
001064 1
001089 2
000399 2
000955 2
000937 1
001129 2
001112 1
000321 2
000262 1
000194 2
000824 2
000084 2
000188 2
000556 2
000653 1
000863 1
000412 3
000892 2
000440 1
001103 2
001018 2
000526 1
000640 2
000258 3
000770 2
000959 2
000252 2
000851 2
001049 2
000801 3
000328 2
000044 2
000494 1
000678 2
000022 2
000728 3
000012 1
000899 2
000868 2
000228 1
001081 2
000415 2
000667 2
000875 3
000956 2
000779 1
000373 3
000446 2
000608 2
000625 1
000830 2
000385 2
000294 2
000996 2
000729 2
001108 1
000979 2
001099 1
000921 2
000813 2
000413 2
000407 2
001039 2
000284 2
000745 2
000585 2
000276 2
000017 1
000273 2
000439 1
000447 2
000577 2
000195 2
000334 1
000431 2
000797 2
000766 2
000169 2
000265 2
001042 1
001164 2
000595 1
000828 3
000732 2
000927 2
000131 2
000167 3
001160 2
000087 2
000348 2
000554 2
000948 2
001162 2
000369 1
001122 2
000140 2
000932 2
000454 1
000555 2
001107 2
000872 2
000442 2
000270 2
000425 2
000040 2
000335 2
000251 1
000211 1
000751 2
000134 2
000854 3
000738 2
000357 2
000274 2
001003 3
001082 2
000984 2
000810 1
001091 2
001113 2
000802 2
000817 1
000142 2
000724 2
001008 2
000616 1
000316 1
000432 1
000105 3
000185 2
000336 1
000835 1
001128 1
000445 1
001010 1
000449 2
000768 2
000661 2
000987 2
000756 1
000791 2
000902 2
000018 2
000723 2
000725 2
000502 2
000093 2
000992 1
000883 2
000314 2
000460 2
000497 2
001145 1
001098 1
000615 2
000849 2
000882 2
001085 1
000865 2
000112 2
001092 3
000115 2
000941 1
000050 2
000144 2
001159 2
000775 2
000975 2
000774 2
000026 2
000165 2
000980 3
000148 2
000215 2
000658 2
000853 2
000242 2
001053 3
000884 2
000569 2
000633 2
000382 1
000710 2
001166 2
000019 2
000940 1
001035 2
000746 2
000339 2
000647 2
000818 1
000207 2
000908 2
000533 1
000477 3
000027 2
000624 1
000052 1
001052 2
000709 3
000039 1
000466 2
000512 2
000568 2
000331 1
000035 2
000603 2
000175 3
000394 2
000946 2
000951 1
000864 1
000269 2
000936 1
000964 2
000952 3
000871 2
001168 1
000150 2
000675 2
000923 1
000848 2
000075 1
000011 2
000468 2
000458 2
000700 2
000420 3
001123 3
000958 2
000982 1
000999 1
000844 2
000481 2
000499 2
000010 1
000511 2
000137 3
001055 1
000324 3
000566 1
000117 2
000404 3
000551 2
001069 2
000760 1
001027 2
000293 1
000772 3
000563 2
001063 1
000332 1
000637 1
000607 2
000785 1
000991 2
000419 2
000349 2
001165 2
000590 2
000822 1
000777 1
000098 1
000055 2
000464 2
000660 2
000606 3
000060 2
000083 1
001153 3
000918 2
000368 1
000486 2
000850 1
000781 2
000904 1
000061 2
000767 2
000589 3
000111 1
000695 2
000428 1
000668 3
001072 1
000557 2
000838 2
001030 1
000617 2
000233 2
000789 2
000720 2
000997 2
001138 2
000712 2
000129 2
