000516 1
000257 1
001032 1
000301 1
000650 1
000910 1
000877 1
000968 1
000305 3
000737 1
000130 1
000856 1
000193 1
000371 3
000592 1
001016 1
000500 1
000586 2
000510 1
000365 1
000513 1
000671 1
000291 2
000203 3
000135 1
000221 1
000833 3
000778 1
001075 1
001126 1
000986 2
000411 1
000157 1
000943 1
000874 1
000674 1
000855 3
000173 1
000602 1
000070 1
000761 1
000315 2
000341 2
000351 1
000067 1
000893 1
000181 2
000845 1
001006 1
001044 1
001134 3
000612 2
000831 1
000889 1
000389 1
000397 1
001170 1
000045 1
000149 1
000665 1
001076 1
000741 2
000769 1
000636 1
000694 3
000698 1
000380 3
000669 1
000913 1
000223 1
000162 3
001116 1
000038 1
001023 1
000118 1
000814 1
001121 1
000414 1
000490 1
001119 1
000259 1
000396 1
000230 1
001070 1
001029 1
000475 1
000827 1
000693 1
000278 1
000897 1
000812 1
000342 1
001106 3
000304 1
000681 1
000763 1
001079 1
001155 1
000939 1
000002 1
001117 1
001074 1
000318 3
000575 1
000325 1
000711 1
000176 1
000033 1
000993 3
000470 1
000805 1
000826 1
001068 2
000263 3
000260 1
000151 1
000834 1
001054 1
000198 2
000924 1
000782 1
000434 2
000730 1
000306 1
000254 2
000857 1
001038 1
000788 1
000630 1
001061 1
000275 1
000521 1
001050 1
000159 1
000493 1
000682 1
000364 1
000096 1
000670 1
000029 3
000506 1
000210 3
000965 1
000601 1
000443 3
000815 1
000514 1
000496 1
000985 1
000209 1
000582 1
000799 1
000962 2
000049 2
000752 1
000095 1
000138 1
000553 3
000627 1
000532 1
000158 1
000218 1
000124 2
000441 1
000974 1
000427 1
000632 1
000450 2
000485 1
000634 1
000153 1
000896 1
000136 1
001086 1
000391 1
000132 3
001014 1
000320 1
000072 1
000338 1
000543 1
000994 1
001111 1
001120 1
000912 1
000082 1
000021 1
001002 1
000686 1
000988 1
000529 1
000372 3
000409 1
001139 3
000926 1
000558 1
000947 1
000310 1
000743 1
000345 1
001026 2
000170 1
000935 1
000552 3
000220 1
000596 1
000201 1
000656 1
000739 1
000177 1
000503 1
000705 1
000691 1
000094 1
000110 3
000825 1
000146 1
000821 1
000429 1
000574 2
001169 1
001009 1
001025 1
000517 1
000001 1
000289 1
000461 1
000757 1
000473 1
000643 1
000534 1
000753 1
000360 2
001024 1
001000 1
000983 1
000178 3
000638 1
001115 1
000938 1
000663 1
000491 1
000436 3
000329 1
000989 1
000280 1
000053 1
001004 1
001146 1
000107 1
001100 1
000914 1
000007 1
001161 1
000593 1
000917 1
000298 1
000459 1
000191 1
000518 2
000172 1
000387 1
000047 1
000704 1
000285 1
000645 1
000683 3
001051 1
000726 1
000267 1
000966 1
001012 1
000079 3
000354 1
000524 1
000379 1
000418 2
000969 1
000572 1
001101 1
001130 1
000279 1
000469 1
000152 1
000759 1
000359 1
000243 1
000487 1
000272 3
001046 1
000013 1
000542 1
001041 1
001084 1
001073 1
000361 1
000231 1
000744 1
000451 1
000236 1
000337 1
000922 1
000803 1
000282 2
001059 1
000353 1
001007 3
000308 1
000024 1
000690 1
000437 1
000878 1
000536 2
000600 3
000456 1
000597 1
000890 1
000288 1
000676 1
000245 1
001071 1
000071 1
000330 1
000065 1
000873 1
000508 1
001057 1
000141 1
000654 3
001149 1
000703 2
000378 2
000101 1
000395 1
000794 1
001067 3
000527 2
000388 1
000609 1
000416 3
000995 1
000816 3
000322 1
000837 1
000719 1
000200 1
001083 1
000076 1
000972 1
000066 1
000747 1
000435 1
000771 1
000858 1
000005 1
001097 2
001058 1
000576 2
000161 1
000684 1
000103 1
000843 1
000498 1
000734 1
000104 1
000639 2
000051 1
000659 2
000037 1
000565 1
000876 1
000944 1
001150 1
001144 1
000507 1
000570 1
000366 2
001093 1
001151 2
000920 1
000212 1
000227 1
001043 1
000623 1
000376 1
000765 3
000465 1
000742 1
000787 1
001143 1
001056 1
000535 1
000621 1
000560 1
000716 3
000727 1
000931 1
001148 2
001001 1
000120 1
000139 1
000478 1
000898 1
000925 1
000657 1
000014 3
000567 1
000196 1
001157 2
001034 1
000583 1
000628 1
000299 3
001028 1
000895 2
000127 1
000780 1
000213 1
000523 1
000900 2
000819 1
000505 1
000548 3
000651 1
000482 1
000706 1
000631 1
000281 3
000949 1
000463 1
000544 1
000422 1
000784 1
000622 2
000069 2
000649 1
000032 1
000967 1
000309 1
001020 2
000836 1
000074 1
000287 1
000859 1
000156 1
000168 1
001077 3
000286 3
001040 1
001005 3
000957 1
000479 1
000222 2
000041 1
000224 1
000457 2
000541 1
000009 1
000934 1
000773 1
000147 3
000122 1
000591 1
000680 2
000573 1
000424 1
000402 1
000806 1
000960 1
000707 1
000237 1
000384 1
000644 1
001047 1
000546 1
000317 1
000599 1
000438 1
000426 2
000618 1
000905 1
001167 1
000401 2
000187 1
000028 1
000792 2
000990 1
000190 1
000034 1
000023 3
000268 1
000708 3
000635 3
000179 1
000381 1
000256 3
000733 1
000403 1
000119 2
001105 1
001152 1
000192 3
000346 1
000226 1
000405 3
000174 1
000804 3
000219 1
001109 1
000476 1
000344 1
000919 1
000648 2
000852 1
000377 1
000907 1
000998 1
001033 1
000664 1
000077 3
001015 1
000109 1
000718 1
000888 1
000961 3
001104 1
000241 2
000015 1
000255 1
000754 1
000823 2
000842 3
000003 1
000611 1
000327 1
000537 1
000099 1
001060 3
001062 3
000090 1
000296 1
000300 1
000758 1
000735 1
000307 1
000225 1
000762 3
000249 1
000809 1
001125 1
000528 1
000303 1
000063 1
000749 1
000356 1
001163 1
001110 1
000867 1
000016 1
000297 1
000731 3
000798 1
000894 3
000160 3
000085 1
001172 3
000620 1
000953 1
000046 1
001132 1
000881 1
000976 1
000062 3
001142 1
000202 1
000807 1
000561 1
000519 1
000266 1
000358 1
001137 1
000247 1
000776 1
000068 1
000891 1
000685 1
000183 1
000448 1
001127 2
000701 1
000355 3
000097 1
000408 1
000808 1
001088 1
000467 1
000588 1
000246 1
000539 1
000264 2
000713 1
001019 1
000687 1
000248 3
000312 1
000504 1
000393 3
000092 1
000080 1
001136 1
000886 1
000417 2
000232 1
000861 3
000423 1
000483 1
000106 1
000319 3
000579 2
000108 1
000239 1
000594 1
000840 1
000862 1
000538 1
000116 1
000102 1
000352 1
000841 2
000764 1
000433 2
000911 1
000839 1
000244 1
000166 1
000048 1
000562 1
000125 1
000089 1
000326 1
001017 1
001158 3
000143 1
000235 1
000073 1
001090 3
000677 1
000619 2
000879 1
000363 1
000133 1
000455 1
001096 3
000673 1
000474 1
000540 1
000790 2
000829 1
000795 1
000525 1
000204 1
000820 1
001124 1
000128 2
000755 1
000367 1
000453 1
001154 1
000030 1
000613 1
000383 1
000452 1
000942 1
000313 1
000295 3
000903 1
000145 1
000008 1
000702 1
000054 3
000662 1
000688 1
001095 1
000916 1
000421 1
000750 3
000783 2
000410 3
000915 1
000400 1
000180 2
000564 1
000715 1
000697 1
000240 1
000696 2
001147 1
000489 1
000906 1
000205 3
000100 1
000973 1
000604 3
000006 1
000283 1
000155 3
000025 1
000578 1
000374 2
001102 1
000057 2
001087 1
000580 1
000977 1
000250 1
000271 1
001133 1
000522 1
000208 1
000064 2
000290 1
000549 1
001156 1
000333 2
000515 1
000238 1
000197 1
000945 1
000950 3
001094 2
000581 1
000323 1
000846 1
000081 1
000963 1
000721 1
000086 2
000909 3
000184 1
000234 1
001021 3
000501 1
000292 1
000154 1
000123 1
000699 3
000614 3
000736 1
000971 1
001131 3
000206 1
000832 1
000163 1
000928 1
000584 1
000390 1
000880 1
001114 1
000692 3
000748 1
000717 1
001078 3
000520 1
000933 1
000302 1
000689 1
000866 1
000350 2
000036 3
000587 1
000347 1
000901 3
000545 3
000214 1
000182 1
000277 3
000722 1
000340 1
001118 1
000088 1
000847 1
000216 1
000078 1
001048 1
001022 2
000598 1
000547 1
000186 1
000488 1
000610 1
000430 1
000559 1
000059 1
000392 1
001080 3
000121 1
001066 1
000229 1
000571 1
000796 3
000793 1
000978 1
000386 1
001036 1
000800 1
000043 1
001013 1
000091 2
000462 1
000484 1
000605 1
000531 2
000869 1
000530 1
000714 1
000031 1
000370 1
000471 1
000870 3
000740 1
000472 1
000164 1
000406 1
000261 1
000020 3
000652 1
000641 1
000672 1
001045 1
000629 1
000113 1
000811 1
000189 1
000954 1
001031 1
000786 1
000114 1
000058 1
000626 1
000398 2
001140 1
000646 1
000492 3
000666 1
000655 1
000885 2
000171 1
000375 1
001065 1
000887 1
000480 1
000860 1
000970 1
000042 1
001037 3
001141 3
000343 1
000362 3
000056 1
000679 1
000253 1
000126 2
001011 1
000004 1
000495 1
001171 3
000199 1
000642 1
000217 1
000444 1
000929 1
000311 1
000981 1
001135 1
000509 1
000930 1
000550 1
001064 1
001089 1
000399 1
000955 2
000937 1
001129 1
001112 1
000321 1
000262 1
000194 1
000824 1
000084 1
000188 1
000556 1
000653 1
000863 1
000412 1
000892 1
000440 1
001103 1
001018 1
000526 1
000640 1
000258 3
000770 1
000959 3
000252 1
000851 1
001049 1
000801 3
000328 1
000044 1
000494 1
000678 1
000022 1
000728 1
000012 1
000899 1
000868 1
000228 2
001081 1
000415 2
000667 1
000875 1
000956 1
000779 1
000373 1
000446 3
000608 1
000625 1
000830 1
000385 1
000294 1
000996 1
000729 1
001108 2
000979 1
001099 2
000921 1
000813 1
000413 1
000407 1
001039 1
000284 1
000745 1
000585 1
000276 1
000017 1
000273 1
000439 1
000447 3
000577 1
000195 1
000334 1
000431 1
000797 1
000766 1
000169 1
000265 1
001042 1
001164 1
000595 2
000828 1
000732 1
000927 1
000131 1
000167 1
001160 1
000087 1
000348 1
000554 3
000948 1
001162 1
000369 1
001122 1
000140 1
000932 1
000454 2
000555 1
001107 1
000872 1
000442 1
000270 1
000425 1
000040 2
000335 3
000251 2
000211 1
000751 3
000134 1
000854 1
000738 1
000357 1
000274 1
001003 1
001082 1
000984 1
000810 2
001091 1
001113 3
000802 1
000817 1
000142 3
000724 1
001008 1
000616 1
000316 1
000432 1
000105 3
000185 1
000336 1
000835 1
001128 1
000445 1
001010 1
000449 1
000768 1
000661 3
000987 3
000756 1
000791 3
000902 1
000018 1
000723 2
000725 1
000502 1
000093 1
000992 1
000883 1
000314 1
000460 1
000497 3
001145 1
001098 1
000615 1
000849 3
000882 1
001085 1
000865 1
000112 1
001092 1
000115 1
000941 1
000050 1
000144 3
001159 1
000775 3
000975 1
000774 1
000026 1
000165 1
000980 1
000148 1
000215 1
000658 1
000853 1
000242 1
001053 1
000884 3
000569 3
000633 3
000382 1
000710 3
001166 1
000019 1
000940 1
001035 1
000746 1
000339 1
000647 2
000818 1
000207 1
000908 1
000533 1
000477 2
000027 1
000624 1
000052 1
001052 1
000709 1
000039 1
000466 3
000512 1
000568 1
000331 1
000035 1
000603 1
000175 3
000394 1
000946 1
000951 1
000864 1
000269 1
000936 1
000964 1
000952 3
000871 3
001168 1
000150 1
000675 3
000923 1
000848 1
000075 1
000011 1
000468 3
000458 1
000700 1
000420 1
001123 1
000958 1
000982 1
000999 2
000844 1
000481 1
000499 1
000010 1
000511 1
000137 1
001055 1
000324 3
000566 2
000117 1
000404 1
000551 1
001069 1
000760 1
001027 1
000293 1
000772 1
000563 3
001063 2
000332 1
000637 1
000607 1
000785 1
000991 1
000419 1
000349 1
001165 1
000590 3
000822 1
000777 2
000098 1
000055 1
000464 1
000660 1
000606 1
000060 1
000083 1
001153 3
000918 1
000368 1
000486 1
000850 1
000781 1
000904 2
000061 1
000767 1
000589 1
000111 2
000695 1
000428 1
000668 1
001072 1
000557 1
000838 1
001030 1
000617 3
000233 1
000789 1
000720 1
000997 3
001138 1
000712 2
000129 1
